01/01/2019;8,5;7,9;7,2;95;84,8;72;7,4;5,5;3,6;1035,6;1032,8;9,4;0,0;15,8;0,0
02/01/2019;8,1;6,1;3,6;88;67,4;51;5,9;0,5;-2,5;1040,5;1035,4;14,4;0,1;23,8;0,0
03/01/2019;7,0;4,8;2,4;96;76,9;52;2,4;1,0;-2,9;1040,8;1038,8;5,8;0,1;15,8;0,0
04/01/2019;6,6;4,1;1,0;99;79,7;59;2,7;0,7;-1,3;1040,7;1038,0;3,6;0,0;7,9;0,0
05/01/2019;5,6;4,8;4,0;75;71,2;67;1,4;0,0;-1,4;1038,7;1036,3;1,4;0,0;7,9;0,0
06/01/2019;6,0;5,0;4,3;91;74,4;68;4,2;0,8;-1,1;1037,0;1035,2;4,3;0,0;7,9;0,0
07/01/2019;8,9;6,8;5,5;96;89,0;71;7,0;5,0;3,3;1036,4;1029,8;8,6;0,1;15,8;0,0
08/01/2019;9,9;8,2;5,8;98;77,6;61;8,2;4,4;0,9;1029,8;1024,9;6,5;0,1;15,8;0,03
09/01/2019;6,3;4,6;1,6;97;75,3;61;2,6;0,5;-1,0;1026,0;1022,7;7,9;0,2;15,8;0,09
10/01/2019;6,3;2,7;-0,4;96;79,8;60;0,3;-0,6;-1,5;1028,6;1025,1;3,6;0,0;7,9;0,0
11/01/2019;7,5;5,4;3,2;99;92,0;76;7,0;4,2;0,1;1029,7;1026,9;0,7;0,0;7,9;0,09
12/01/2019;9,1;7,3;5,9;98;89,2;75;7,8;5,6;3,2;1029,8;1020,7;15,8;0,3;23,8;0,03
13/01/2019;11,9;10,2;8,4;97;80,1;68;8,9;6,9;5,4;1021,2;1012,8;13,0;0,7;23,8;0,09
14/01/2019;9,8;8,5;6,5;93;72,0;61;8,5;3,7;2,2;1024,2;1013,3;6,5;0,1;15,8;0,03
15/01/2019;8,4;7,0;5,3;83;69,8;58;3,6;1,7;0,3;1024,6;1019,2;7,9;0,2;15,8;0,0
16/01/2019;8,4;4,4;-0,1;97;77,6;56;5,5;0,6;-1,3;1019,5;1007,1;24,5;1,7;31,7;0,06
17/01/2019;9,7;4,7;-0,4;99;86,5;53;6,3;2,5;-1,2;1018,9;1006,2;15,8;0,6;23,8;0,39
18/01/2019;7,4;1,1;-1,3;99;83,8;49;-0,4;-1,6;-3,1;1020,1;1015,8;9,4;0,2;15,8;0,0
19/01/2019;2,6;-0,0;-2,3;99;94,4;80;2,5;-0,8;-3,6;1016,0;1008,2;14,4;0,9;23,8;0,21
20/01/2019;3,9;3,0;1,3;99;93,9;74;3,8;2,1;-2,2;1020,4;1008,6;5,8;0,1;7,9;0,12
21/01/2019;4,6;-0,1;-2,9;96;80,2;51;-1,4;-3,4;-5,5;1023,7;1018,0;4,3;0,1;7,9;0,0
22/01/2019;2,1;-0,0;-2,4;98;91,1;81;1,7;-1,3;-4,3;1018,2;997,2;18,7;0,6;23,8;0,72
23/01/2019;2,4;1,0;-0,6;99;94,9;84;2,3;0,2;-1,8;1006,4;994,0;13,0;0,1;15,8;0,6
24/01/2019;2,3;0,8;-0,8;95;80,2;71;-0,5;-2,3;-3,4;1014,5;1006,0;5,8;0,2;7,9;0,18
25/01/2019;7,2;3,7;1,5;99;94,7;83;6,8;2,9;-0,6;1017,5;1013,7;10,8;0,2;15,8;0,27
26/01/2019;9,5;8,1;7,2;99;91,2;76;8,0;6,7;5,2;1016,3;997,4;21,6;1,9;31,7;0,24
27/01/2019;8,0;6,3;3,9;96;79,9;67;7,3;3,1;-0,9;1000,6;988,6;23,8;2,0;39,6;0,21
28/01/2019;8,0;3,5;-0,4;89;71,2;54;0,2;-1,3;-2,8;1010,9;1000,4;6,5;0,1;7,9;0,0
29/01/2019;4,1;0,8;-1,9;98;86,1;58;1,0;-1,4;-3,9;1010,7;987,5;24,5;2,0;31,7;0,42
30/01/2019;4,6;2,0;0,0;99;91,6;74;1,5;0,7;-0,6;998,3;987,9;9,4;0,2;15,8;2,25
31/01/2019;5,0;1,1;-0,8;99;91,7;73;4,9;-0,2;-3,3;996,8;982,0;26,6;2,6;39,6;0,3
01/02/2019;7,4;5,5;1,9;99;95,0;83;6,7;4,8;1,5;988,3;983,9;14,4;0,4;15,8;0,84
02/02/2019;5,5;4,4;3,4;99;85,5;70;5,3;2,1;-0,8;1012,4;988,2;9,4;0,3;15,8;0,84
03/02/2019;7,5;3,6;-1,1;93;70,9;53;-0,4;-1,4;-2,8;1028,6;1012,2;6,5;0,2;15,8;0,0
04/02/2019;3,7;1,3;-1,7;97;79,4;65;-1,1;-2,0;-3,3;1028,5;1024,3;18,0;0,6;31,7;0,0
05/02/2019;9,1;4,4;3,0;95;77,2;58;3,0;0,6;-1,5;1028,0;1025,1;10,8;0,4;23,8;0,0
06/02/2019;10,6;7,7;4,6;98;91,6;81;9,5;6,3;2,6;1026,4;1015,3;23,8;0,7;31,7;0,27
07/02/2019;11,9;9,2;6,1;96;74,6;50;9,3;4,6;1,7;1017,2;1011,2;18,0;1,5;23,8;0,09
08/02/2019;10,0;8,5;6,1;93;80,7;69;7,5;5,3;3,5;1016,9;1004,2;33,1;6,5;48,2;0,18
09/02/2019;12,1;9,5;7,6;92;71,4;52;7,3;4,5;2,5;1012,9;1004,0;33,8;2,6;48,2;0,36
10/02/2019;10,5;8,0;4,7;95;81,3;61;8,8;5,0;1,0;1013,3;995,0;38,9;4,6;56,2;1,41
11/02/2019;9,7;5,3;1,9;99;82,4;57;4,4;2,4;0,8;1033,6;1013,3;7,9;0,2;15,8;0,06
12/02/2019;9,0;3,0;-0,4;98;82,7;51;2,1;0,0;-0,7;1036,6;1033,3;13,0;0,2;15,8;0,0
13/02/2019;8,7;2,9;-0,6;99;82,8;53;2,3;-0,1;-1,2;1036,8;1033,3;9,4;0,3;15,8;0,0
14/02/2019;13,7;5,1;-1,4;97;74,8;42;3,5;0,4;-2,8;1034,0;1029,7;11,5;0,4;15,8;0,0
15/02/2019;15,4;6,1;-0,6;95;71,0;35;3,8;0,5;-3,1;1030,1;1025,9;7,9;0,2;15,8;0,0
16/02/2019;16,7;6,7;-0,6;93;71,7;36;5,7;1,2;-2,7;1027,0;1022,8;13,0;0,3;15,8;0,0
17/02/2019;17,5;7,6;0,1;96;67,7;27;4,4;0,6;-5,4;1023,1;1018,2;15,8;0,7;23,8;0,0
18/02/2019;15,3;7,8;-0,1;98;72,2;41;5,8;2,5;-0,7;1019,3;1015,1;21,6;0,8;31,7;0,0
19/02/2019;11,7;7,3;2,7;99;88,2;64;6,6;5,4;2,6;1023,1;1017,9;11,5;0,2;23,8;0,0
20/02/2019;14,6;6,2;0,6;99;85,8;54;7,2;3,7;0,3;1025,1;1021,5;13,7;0,3;15,8;0,0
21/02/2019;17,2;8,1;1,3;99;77,6;38;7,4;3,9;0,9;1031,9;1024,5;8,6;0,1;15,8;0,0
22/02/2019;18,6;8,9;1,1;97;73,3;30;7,3;3,6;0,1;1034,9;1031,3;8,6;0,2;15,8;0,0
23/02/2019;16,7;9,4;4,0;99;71,3;34;5,8;3,7;-0,4;1034,2;1030,9;28,1;1,4;39,6;0,0
24/02/2019;16,1;8,5;1,1;77;48,6;21;0,9;-2,8;-7,6;1035,0;1032,1;18,0;0,8;23,8;0,0
25/02/2019;18,4;8,6;0,1;88;58,7;24;4,6;-0,5;-5,7;1035,3;1032,3;15,8;0,9;23,8;0,0
26/02/2019;18,7;9,4;0,6;97;66,7;34;5,8;2,5;-0,7;1033,1;1028,4;20,9;0,8;31,7;0,0
27/02/2019;21,4;10,3;1,4;98;71,3;35;8,8;4,5;0,4;1028,9;1021,2;6,5;0,1;7,9;0,0
28/02/2019;14,9;10,0;5,1;96;82,9;60;11,1;7,0;4,4;1022,8;1018,5;15,8;0,7;23,8;0,24
01/03/2019;12,8;10,4;9,2;99;86,6;73;9,5;8,2;7,0;1021,1;1016,9;11,5;0,2;23,8;0,15
02/03/2019;13,0;10,3;7,5;98;80,2;64;9,2;7,0;5,3;1020,0;1014,8;13,7;0,6;23,8;0,06
03/03/2019;15,1;12,2;10,1;95;79,2;63;10,4;8,6;7,0;1015,7;1001,5;36,0;5,8;48,2;0,33
04/03/2019;11,7;9,1;5,6;94;77,3;61;9,3;5,3;2,4;1009,1;995,1;31,7;4,3;48,2;0,36
05/03/2019;12,3;8,1;4,8;97;88,5;73;9,5;6,2;2,9;1010,1;1006,7;23,8;1,6;31,7;0,09
06/03/2019;11,9;9,9;7,3;99;81,8;61;10,4;6,8;3,1;1006,7;990,4;14,4;0,7;15,8;0,78
07/03/2019;12,7;9,4;6,7;99;78,3;51;10,3;5,5;2,3;1009,3;989,6;43,2;3,1;56,2;0,81
08/03/2019;13,4;9,0;3,8;99;73,5;45;7,7;4,2;1,7;1018,0;1009,2;23,8;1,1;39,6;0,03
09/03/2019;15,4;11,5;8,0;98;84,2;60;11,3;8,8;6,3;1020,3;1015,2;19,4;1,6;31,7;0,39
10/03/2019;14,9;11,7;7,0;99;70,4;38;12,3;5,9;-1,6;1023,1;1009,8;39,6;2,6;56,2;0,57
11/03/2019;11,1;6,9;2,2;97;71,7;40;4,3;1,7;-2,7;1029,6;1022,7;14,4;0,6;31,7;0,18
12/03/2019;12,8;7,5;2,1;97;70,6;49;9,8;2,1;-0,6;1028,5;1005,2;48,2;4,4;56,2;0,33
13/03/2019;11,4;7,6;4,2;88;73,4;56;7,2;3,0;1,5;1018,3;1012,8;18,0;1,4;31,7;0,06
14/03/2019;11,6;8,9;6,4;98;91,4;77;10,8;7,6;3,1;1018,7;1008,7;24,5;1,9;31,7;0,51
15/03/2019;14,2;12,6;10,7;98;82,2;71;10,6;9,6;8,6;1018,4;1012,8;23,8;2,1;31,7;0,03
16/03/2019;15,0;11,5;9,2;96;74,5;55;9,1;7,0;5,3;1018,3;1006,3;38,2;4,4;56,2;0,0
17/03/2019;11,1;7,5;3,3;99;82,7;49;7,9;4,5;0,6;1016,7;1003,0;33,1;1,7;39,6;0,6
18/03/2019;12,6;7,2;3,1;99;79,3;48;6,0;3,4;1,3;1025,3;1016,5;6,5;0,1;15,8;0,6
19/03/2019;15,2;7,8;0,5;99;71,7;32;4,5;2,1;-1,6;1032,4;1025,0;10,8;0,2;15,8;0,0
20/03/2019;14,8;8,3;1,6;99;76,7;50;6,7;4,0;1,1;1034,6;1031,7;4,3;0,1;15,8;0,0
21/03/2019;18,0;10,5;2,8;99;70,2;36;6,4;4,3;2,3;1034,2;1029,5;19,4;0,5;23,8;0,0
22/03/2019;19,5;10,6;3,5;99;68,1;24;7,2;3,6;-1,8;1030,3;1026,3;13,7;0,5;23,8;0,0
23/03/2019;15,3;8,9;2,9;99;78,1;54;7,6;5,0;2,3;1030,8;1027,6;9,4;0,3;15,8;0,0
24/03/2019;14,2;9,7;4,8;91;76,8;56;7,8;5,7;3,3;1028,4;1026,5;9,4;0,2;15,8;0,0
25/03/2019;14,2;8,4;1,9;96;60,7;33;3,6;0,4;-2,6;1032,9;1026,4;10,8;0,4;23,8;0,0
26/03/2019;14,6;9,8;5,7;75;54,8;32;3,3;0,7;-2,0;1033,8;1030,8;16,6;0,5;23,8;0,0
27/03/2019;15,1;9,3;2,2;97;65,4;38;4,2;2,5;0,1;1034,1;1031,8;19,4;0,4;31,7;0,0
28/03/2019;16,2;10,0;2,4;96;65,4;38;5,1;3,1;1,0;1034,7;1030,7;16,6;0,4;31,7;0,0
29/03/2019;18,2;11,1;3,0;99;67,5;40;7,0;4,5;2,1;1031,1;1022,8;25,9;1,7;31,7;0,0
30/03/2019;20,5;12,3;4,2;96;56,8;20;5,3;2,1;-3,4;1023,1;1018,3;21,6;0,6;39,6;0,0
31/03/2019;21,9;13,5;3,7;85;53,5;20;10,0;2,6;-2,7;1019,7;1016,2;31,7;1,1;48,2;0,0
01/04/2019;20,9;14,7;9,1;81;56,9;26;7,8;5,4;0,4;1018,4;1011,3;24,5;2,8;31,7;0,0
02/04/2019;17,5;12,1;7,3;97;74,4;53;10,7;7,5;4,3;1011,4;1004,4;28,1;1,6;39,6;1,08
03/04/2019;11,3;7,1;4,4;95;72,2;36;4,8;2,1;-3,3;1004,8;997,9;23,0;1,4;39,6;0,06
04/04/2019;12,2;7,4;1,3;99;65,2;33;3,6;0,3;-4,0;1001,6;996,9;20,9;1,5;31,7;0,0
05/04/2019;13,5;8,3;1,9;86;59,4;33;3,7;0,3;-2,7;1003,4;1000,2;28,8;3,0;39,6;0,0
06/04/2019;16,8;11,2;4,6;90;62,6;38;6,4;3,9;2,0;1001,8;998,9;26,6;3,3;39,6;0,0
07/04/2019;16,5;11,7;7,5;87;66,5;47;6,8;5,3;4,1;1009,3;1001,6;9,4;0,1;15,8;0,0
08/04/2019;16,7;11,2;5,2;97;69,5;34;7,2;5,2;0,7;1010,8;1008,9;6,5;0,1;15,8;0,0
09/04/2019;17,7;11,3;6,9;90;73,7;45;8,7;6,4;4,5;1010,7;1008,5;5,8;0,1;7,9;0,0
10/04/2019;12,2;11,0;9,4;98;86,9;63;10,9;8,8;4,5;1016,7;1009,4;6,5;0,1;7,9;0,36
11/04/2019;15,4;10,2;4,8;76;55,1;32;4,8;1,1;-1,7;1021,7;1016,5;24,5;0,7;31,7;0,0
12/04/2019;13,8;8,6;1,8;93;54,4;30;1,7;-0,9;-4,8;1023,3;1021,0;16,6;0,5;31,7;0,0
13/04/2019;11,6;7,0;0,2;79;45,9;28;-0,6;-4,5;-7,1;1024,3;1021,7;21,6;1,0;31,7;0,0
14/04/2019;11,1;6,4;-0,9;89;53,5;30;-0,2;-3,1;-6,0;1023,5;1020,9;20,9;1,0;31,7;0,0
15/04/2019;15,4;8,8;0,1;89;58,2;31;4,9;0,1;-2,6;1023,3;1011,6;34,6;4,8;48,2;0,0
16/04/2019;13,8;11,2;8,5;90;76,2;58;9,6;7,1;3,4;1018,5;1011,2;8,6;0,1;15,8;0,0
17/04/2019;18,4;12,3;5,2;99;72,2;42;9,3;6,7;4,9;1020,0;1016,6;26,6;2,1;31,7;0,0
18/04/2019;22,2;17,2;11,7;81;58,2;34;10,4;8,3;5,0;1020,1;1017,1;28,8;3,4;39,6;0,0
19/04/2019;26,8;17,8;8,3;93;54,7;25;9,8;7,3;4,1;1024,8;1019,9;13,7;0,4;23,8;0,0
20/04/2019;26,8;19,8;12,1;82;45,3;16;9,6;5,9;-3,0;1026,2;1021,4;24,5;1,7;31,7;0,0
21/04/2019;25,6;18,0;8,9;87;47,9;18;9,4;4,8;-1,2;1021,8;1011,3;31,0;1,8;48,2;0,0
22/04/2019;24,8;18,1;10,6;86;54,6;24;11,5;7,8;2,7;1011,5;998,1;14,4;0,5;15,8;0,0
23/04/2019;20,6;16,0;11,2;85;66,5;42;12,5;9,4;6,0;998,2;993,5;13,7;0,4;23,8;0,0
24/04/2019;16,6;13,9;10,7;94;77,3;60;12,4;9,9;7,2;1000,7;993,4;28,8;2,3;39,6;0,21
25/04/2019;15,2;11,6;8,4;98;82,4;49;10,9;8,5;4,4;1009,0;998,3;24,5;2,2;39,6;0,3
26/04/2019;15,8;11,9;5,5;98;72,6;52;9,0;6,8;4,8;1016,1;1008,2;16,6;1,7;23,8;0,0
27/04/2019;14,1;11,7;9,2;98;68,9;35;9,6;5,7;-1,4;1018,1;1013,7;23,8;2,1;31,7;0,15
28/04/2019;13,4;11,0;8,3;97;80,1;64;9,4;7,6;5,1;1022,4;1012,8;9,4;0,3;15,8;0,06
29/04/2019;17,8;11,9;4,9;99;70,0;38;8,4;5,8;2,2;1024,4;1021,9;15,8;0,4;23,8;0,0
30/04/2019;19,5;12,9;5,5;99;70,5;39;9,2;7,0;4,7;1023,3;1019,1;16,6;0,6;23,8;0,0
05/01/2019;21,1;14,0;6,6;98;72,1;42;10,5;8,5;6,0;1019,4;1013,8;11,5;0,3;15,8;0,0
05/02/2019;15,1;12,8;9,5;96;79,8;58;12,4;9,3;6,1;1014,2;1011,8;6,5;0,1;7,9;0,33
05/03/2019;17,7;11,9;6,5;99;79,4;49;10,2;8,1;6,1;1014,5;1011,3;5,8;0,0;7,9;0,0
05/04/2019;10,3;7,0;4,1;99;90,7;67;8,8;5,5;2,8;1019,6;1008,9;18,7;0,4;39,6;1,05
05/05/2019;14,3;9,0;3,3;99;70,7;40;6,2;3,4;0,9;1023,2;1019,4;15,8;0,3;31,7;0,0
05/06/2019;15,1;9,9;1,8;99;62,7;30;5,9;2,0;-2,9;1023,5;1020,0;10,8;0,2;15,8;0,0
05/07/2019;17,3;11,6;4,5;99;61,0;31;6,7;3,1;-1,6;1020,2;1007,7;33,8;1,7;48,2;0,0
05/08/2019;16,9;12,5;10,6;99;85,2;51;12,9;10,0;4,4;1008,1;996,2;16,6;0,8;23,8;0,99
05/09/2019;15,8;12,8;10,2;99;83,5;62;12,6;9,9;7,5;1006,6;989,0;23,8;1,0;39,6;0,18
05/10/2019;17,5;13,5;10,2;99;81,5;50;14,0;10,1;5,6;1010,4;1005,8;20,9;1,0;23,8;1,59
05/11/2019;18,6;13,4;10,4;99;82,5;45;14,0;10,1;6,2;1026,7;1005,3;13,7;0,3;23,8;5,07
05/12/2019;17,2;12,5;6,4;97;60,8;35;8,2;4,3;0,8;1034,9;1026,5;23,8;1,0;31,7;0,0
13/05/2019;18,3;14,0;7,7;80;48,6;23;5,6;2,4;-3,5;1035,6;1031,2;36,0;3,5;48,2;0,0
14/05/2019;20,0;15,4;9,9;54;38,9;25;4,6;1,1;-1,7;1032,1;1024,2;31,7;3,6;39,6;0,0
15/05/2019;19,9;15,0;6,5;92;47,4;28;6,1;3,0;-0,8;1024,7;1018,5;28,1;2,8;56,2;0,0
16/05/2019;18,9;14,4;6,0;95;52,4;29;8,1;3,7;-0,5;1018,8;1008,5;28,1;2,7;39,6;0,0
17/05/2019;20,7;15,3;8,7;93;63,4;37;11,1;7,8;5,1;1008,7;1002,6;9,4;0,3;23,8;0,0
18/05/2019;20,1;15,8;12,7;98;77,8;50;13,6;11,5;8,3;1005,6;1002,4;13,7;0,6;31,7;0,15
19/05/2019;19,8;15,3;12,3;98;86,2;60;14,3;12,9;11,1;1008,2;1004,6;13,7;0,1;23,8;0,0
20/05/2019;20,1;15,5;12,0;98;79,0;56;13,3;11,6;10,6;1013,8;1007,5;6,5;0,1;7,9;0,21
21/05/2019;22,2;16,5;10,1;98;72,6;41;15,8;11,2;7,4;1018,6;1013,3;5,8;0,1;7,9;0,18
22/05/2019;23,7;17,1;8,9;99;61,5;28;12,1;8,1;2,9;1020,0;1018,0;11,5;0,2;15,8;0,0
23/05/2019;24,3;18,1;9,2;97;57,8;30;12,0;8,2;4,1;1019,0;1014,6;14,4;0,6;15,8;0,0
24/05/2019;24,8;19,0;13,5;89;62,8;38;12,8;11,2;8,2;1016,4;1014,0;5,8;0,1;7,9;0,0
25/05/2019;27,3;18,9;14,0;79;62,7;34;15,6;11,4;7,9;1018,8;1016,0;8,6;0,1;15,8;0,51
26/05/2019;21,6;17,4;13,1;95;74,0;50;14,1;12,4;9,9;1018,9;1013,7;9,4;0,2;15,8;0,0
27/05/2019;22,2;17,9;14,2;90;65,0;38;14,0;10,7;6,2;1013,7;1009,7;5,8;0,1;7,9;0,0
28/05/2019;19,1;14,6;10,6;92;70,0;46;12,1;9,0;6,4;1017,1;1009,0;10,8;0,2;15,8;0,09
29/05/2019;21,4;15,6;7,9;99;65,7;37;10,7;8,4;5,7;1022,9;1017,1;9,4;0,4;23,8;0,0
30/05/2019;21,4;18,0;14,9;91;75,2;59;15,8;13,4;9,9;1025,7;1022,0;8,6;0,2;15,8;0,0
31/05/2019;25,6;19,7;13,6;98;70,1;40;16,1;13,5;10,2;1025,7;1021,7;13,7;0,7;23,8;0,0
06/01/2019;28,5;21,7;13,4;98;65,3;34;17,1;13,9;10,6;1022,3;1015,7;20,9;1,1;23,8;0,0
06/02/2019;32,0;24,8;15,1;94;56,5;24;16,4;14,1;8,9;1016,0;1009,5;18,7;1,4;31,7;0,0
06/03/2019;23,4;20,1;17,1;90;69,7;52;17,9;14,4;12,3;1014,7;1010,6;18,0;0,3;23,8;0,03
06/04/2019;28,2;19,9;13,7;97;78,3;49;21,1;15,6;13,1;1012,8;999,9;24,5;2,0;31,7;0,09
06/05/2019;19,3;14,7;11,7;98;90,8;73;15,9;13,2;11,3;1010,0;1005,1;6,5;0,2;7,9;2,07
06/06/2019;20,8;15,6;11,3;98;72,6;37;11,9;10,0;5,2;1013,2;1009,2;23,8;1,9;31,7;0,0
06/07/2019;17,6;15,2;13,8;85;73,7;61;13,2;10,6;9,0;1011,5;1002,2;41,8;7,6;64,1;0,09
06/08/2019;20,7;16,1;12,1;83;66,8;42;12,9;9,6;7,2;1022,3;1011,3;38,9;4,4;48,2;0,0
06/09/2019;20,3;16,3;11,6;98;73,4;49;12,5;11,1;8,8;1022,2;1015,2;13,7;0,8;23,8;0,0
06/10/2019;19,1;16,1;12,8;98;75,1;54;13,8;11,5;8,9;1015,6;1011,2;23,8;0,4;31,7;0,03
06/11/2019;19,6;14,0;9,1;99;80,3;41;14,3;10,2;5,5;1012,3;1009,4;18,0;0,9;23,8;0,6
06/12/2019;16,3;13,4;11,2;99;88,5;69;13,8;11,5;9,5;1009,9;1007,4;13,7;1,3;23,8;0,93
13/06/2019;20,1;15,4;11,1;98;80,1;52;15,8;11,7;9,1;1011,6;1009,7;21,6;1,9;31,7;0,27
14/06/2019;23,9;19,1;13,5;99;69,4;47;15,3;12,7;9,7;1013,7;1010,0;10,8;0,7;15,8;0,0
15/06/2019;22,5;19,3;15,6;99;67,7;40;16,8;12,4;7,6;1017,8;1010,2;23,0;1,3;31,7;0,69
16/06/2019;23,0;18,7;14,2;88;66,7;46;14,7;12,1;10,3;1020,9;1017,9;14,4;1,6;23,8;0,0
17/06/2019;27,8;21,2;12,5;98;62,8;33;16,3;12,8;9,7;1019,9;1014,4;11,5;0,9;15,8;0,0
18/06/2019;28,8;22,8;14,8;95;65,6;37;19,3;15,2;12,2;1015,2;1006,8;24,5;2,8;31,7;0,0
19/06/2019;27,3;23,1;19,2;91;65,6;44;19,1;15,9;12,6;1010,5;1004,6;24,5;1,6;31,7;0,0
20/06/2019;21,9;18,7;14,9;99;75,1;48;18,0;13,7;9,8;1016,7;1010,1;10,8;0,2;15,8;0,72
21/06/2019;23,8;18,9;11,9;96;59,1;33;12,4;9,9;6,1;1020,0;1016,5;10,8;0,2;15,8;0,0
22/06/2019;25,9;21,5;14,9;73;52,1;34;15,5;10,8;8,3;1020,3;1015,2;13,7;0,8;15,8;0,0
23/06/2019;28,4;23,2;14,9;94;64,8;46;19,9;15,8;12,7;1016,0;1011,5;25,9;4,0;39,6;0,0
24/06/2019;31,6;26,5;20,2;91;63,5;39;20,2;18,5;15,5;1015,0;1011,7;21,6;1,6;31,7;0,0
25/06/2019;33,9;27,8;20,9;92;61,9;34;21,9;19,3;15,6;1018,8;1011,5;21,6;0,6;31,7;0,0
26/06/2019;34,0;28,5;22,1;84;62,2;43;23,4;20,2;18,6;1020,4;1017,3;26,6;3,6;31,7;0,0
27/06/2019;33,4;27,5;21,3;84;61,9;46;21,5;19,2;15,2;1021,4;1019,0;23,8;3,7;39,6;0,0
28/06/2019;32,4;27,0;20,9;55;42,6;25;16,0;12,8;9,7;1020,3;1017,0;23,0;4,1;31,7;0,0
29/06/2019;34,8;28,2;19,4;88;51,1;25;20,2;15,9;11,7;1017,5;1010,7;20,9;1,8;23,8;0,0
30/06/2019;30,6;24,7;20,3;83;60,2;34;20,0;16,0;12,2;1017,7;1010,4;11,5;0,2;15,8;0,0
07/01/2019;26,3;22,0;17,4;73;58,1;40;15,7;13,2;10,9;1021,1;1016,9;10,8;0,2;15,8;0,0
07/02/2019;26,4;21,2;14,0;84;53,1;31;12,2;10,5;7,8;1021,8;1018,5;28,1;1,8;39,6;0,0
07/03/2019;26,6;22,0;16,6;68;49,2;31;13,4;10,4;7,8;1021,6;1019,1;23,8;1,9;31,7;0,0
07/04/2019;28,7;22,9;16,3;62;42,8;25;12,5;8,9;6,3;1022,4;1017,5;15,8;1,5;23,8;0,0
07/05/2019;31,7;24,6;14,3;86;45,6;19;15,0;10,2;5,1;1019,0;1013,0;16,6;0,7;23,8;0,0
07/06/2019;33,6;26,3;17,1;82;47,4;24;15,0;12,8;4,6;1013,7;1008,4;11,5;0,3;15,8;0,0
07/07/2019;29,8;22,9;16,5;75;52,3;30;16,3;12,1;4,5;1015,4;1011,1;13,7;0,8;23,8;0,0
07/08/2019;25,3;20,7;17,2;69;47,5;26;13,1;8,5;4,2;1018,8;1015,2;23,0;3,0;31,7;0,0
07/09/2019;26,0;20,8;13,9;69;43,8;21;10,1;7,2;1,5;1019,8;1016,7;16,6;1,7;23,8;0,0
07/10/2019;28,4;22,5;13,8;81;48,4;30;14,8;10,3;6,8;1019,3;1014,4;23,8;0,8;31,7;0,0
07/11/2019;30,8;23,8;18,6;88;58,4;29;16,8;14,3;10,3;1014,7;1010,2;13,0;0,3;15,8;0,0
07/12/2019;27,6;22,8;16,9;81;57,7;40;15,1;13,7;11,9;1016,6;1011,9;5,8;0,2;7,9;0,0
13/07/2019;27,0;21,9;14,5;91;60,5;37;15,3;13,3;10,6;1019,3;1016,5;20,9;0,9;31,7;0,0
14/07/2019;22,7;19,4;14,9;85;63,4;47;14,3;12,1;10,4;1019,1;1017,1;14,4;1,2;23,8;0,0
15/07/2019;25,8;20,5;13,8;86;56,5;34;12,5;11,0;8,4;1019,1;1016,5;9,4;0,6;15,8;0,0
16/07/2019;27,2;21,0;12,7;91;54,3;30;13,2;10,6;7,5;1018,6;1014,8;13,7;0,7;15,8;0,0
17/07/2019;30,5;22,8;13,4;92;49,9;23;13,3;10,1;6,0;1015,8;1010,9;14,4;0,5;23,8;0,0
18/07/2019;28,6;22,1;16,9;93;57,4;27;19,0;12,7;7,1;1013,7;1011,1;9,4;0,4;15,8;0,0
19/07/2019;28,6;23,2;18,5;94;64,7;33;17,9;15,2;9,8;1014,8;1010,4;15,8;0,8;23,8;0,0
20/07/2019;28,8;22,8;17,7;93;69,8;41;20,9;16,6;12,7;1015,7;1008,8;15,8;0,5;23,8;0,09
21/07/2019;28,5;23,2;17,5;95;63,1;38;19,3;15,0;12,2;1022,1;1015,7;5,8;0,1;7,9;0,0
22/07/2019;32,9;25,3;16,1;92;54,1;24;16,9;13,7;9,0;1023,0;1018,9;13,0;0,6;15,8;0,0
23/07/2019;36,8;28,3;17,6;90;46,4;19;16,7;13,3;9,2;1019,3;1011,9;23,0;2,4;31,7;0,0
24/07/2019;39,1;31,2;21,6;66;39,4;20;19,4;14,6;10,5;1012,9;1010,4;14,4;0,4;23,8;0,0
25/07/2019;41,2;32,9;22,3;79;38,5;10;19,9;12,6;0,9;1011,5;1005,7;28,1;2,9;39,6;0,0
26/07/2019;31,8;27,0;19,8;96;57,8;33;21,4;17,6;11,8;1011,2;1006,6;9,4;0,3;15,8;0,72
27/07/2019;25,3;20,1;17,3;99;81,2;50;19,1;16,4;14,0;1008,0;1003,0;6,5;0,1;7,9;0,78
28/07/2019;26,0;20,5;15,6;91;65,4;34;15,3;13,0;8,3;1009,5;1004,3;5,8;0,2;15,8;0,0
29/07/2019;28,6;21,9;13,1;95;54,4;24;13,8;10,5;5,8;1010,8;1007,3;23,0;1,8;23,8;0,0
30/07/2019;25,4;21,3;17,6;80;61,4;42;17,0;13,4;11,3;1014,4;1008,5;28,1;2,9;39,6;0,0
31/07/2019;24,4;20,1;15,7;86;60,0;35;13,8;11,5;7,5;1017,6;1014,4;13,0;0,7;23,8;0,0
08/01/2019;29,2;22,3;13,8;87;54,9;32;15,0;12,0;9,3;1017,2;1013,7;13,0;0,2;15,8;0,0
08/02/2019;29,1;23,8;17,6;75;50,3;30;14,3;12,2;9,3;1016,7;1014,4;6,5;0,2;15,8;0,0
08/03/2019;26,2;22,0;17,5;86;63;44;15,6;14,3;12,6;1018,4;1014,6;11,5;0,6;15,8;0,0
08/04/2019;32,5;24,1;14,4;94;55,8;21;16,4;12,9;6,8;1015,2;1009,5;11,5;0,7;15,8;0,0
08/05/2019;29,0;23,8;17,9;88;58,0;30;16,5;14,4;8,2;1013,4;1010,4;14,4;0,8;23,8;0,0
08/06/2019;23,3;21,1;19,0;97;80,5;64;20,8;17,5;15,6;1011,8;1008,5;13,7;0,5;15,8;1,44
08/07/2019;26,1;21,6;17,9;98;72,0;40;18,3;15,6;10,8;1010,6;1007,4;11,5;0,5;15,8;0,0
08/08/2019;29,8;23,3;14,4;95;62,3;36;18,8;14,8;12,3;1011,1;1006,7;20,9;0,9;23,8;0,0
08/09/2019;26,2;22,6;20,5;96;80,0;65;23,6;19,0;16,8;1008,3;1004,1;25,9;0,7;31,7;2,04
08/10/2019;26,1;22,1;18,8;83;58,9;33;17,1;13,1;8,3;1016,0;1007,7;38,2;3,1;48,2;0,0
08/11/2019;22,8;18,8;14,3;87;67,8;46;14,4;12,5;10,0;1016,5;1013,5;14,4;0,7;23,8;0,0
08/12/2019;21,8;17,9;13,3;96;74,7;52;17,3;13,1;11,3;1018,8;1014,2;18,0;0,5;23,8;0,57
13/08/2019;21,9;17,4;11,6;97;70,5;46;13,8;11,4;9,0;1021,0;1018,2;9,4;0,2;15,8;0,0
14/08/2019;25,6;20,0;13,3;97;64,9;36;17,0;12,5;9,2;1019,3;1012,4;20,9;1,8;31,7;0,0
15/08/2019;24,6;20,4;17,6;97;72,1;44;18,0;14,7;11,3;1018,6;1011,5;9,4;0,6;15,8;0,15
16/08/2019;25,3;19,8;13,2;98;67,2;41;14,6;12,9;10,6;1019,2;1010,6;23,0;1,4;31,7;0,0
17/08/2019;21,7;19,9;18,3;98;88,7;63;20,9;17,9;13,2;1010,9;1007,0;15,8;1,1;23,8;1,32
18/08/2019;23,0;20,6;15,1;99;84,8;58;20,8;17,8;13,8;1012,8;1003,2;16,6;1,0;23,8;0,18
19/08/2019;24,2;18,9;14,1;97;67,2;34;14,1;11,7;7,3;1020,5;1012,8;19,4;0,5;23,8;0,0
20/08/2019;24,9;19,0;13,6;93;64,6;33;13,5;11,2;7,5;1026,6;1020,3;7,9;0,1;15,8;0,0
21/08/2019;25,5;18,9;11,6;97;62,9;33;13,5;10,7;7,9;1027,7;1023,6;13,7;0,8;23,8;0,0
22/08/2019;27,9;20,1;11,8;95;60,1;26;13,1;10,5;6,1;1025,3;1022,6;13,7;0,5;23,8;0,0
23/08/2019;28,2;19,3;12,6;95;66,0;33;13,7;11,8;9,7;1024,8;1021,4;9,4;0,6;15,8;0,0
